# Conjunto de retos de factorizacio'n.
# Cada linea describe un reto con la siguiente estructura:
# t, n.
# donde,
# 	 t <entero>: Taman~o del problema (en bits)
# 	 n <entero>: nu'mero a factorizar
#
024, 11830219
024, 6255727
024, 12214001
024, 11911597
024, 11470913
024, 8650483
024, 7989097
024, 6694577
024, 12904981
024, 10597487
#
032, 2326706177
032, 2098407403
032, 2595694313
032, 1565129603
032, 1712915497
032, 3509317919
032, 3446333393
032, 1868829877
032, 2610071791
032, 2629006447
#
040, 926213359459
040, 651656533501
040, 929533740803
040, 492914708423
040, 460344031729
040, 527151042829
040, 641616399707
040, 367888838909
040, 629930281889
040, 401552602007
#
044, 7649068005941
044, 11652686667533
044, 7928959408477
044, 7219662332587
044, 11270984023499
044, 8843145759047
044, 6769463417767
044, 8455429430081
044, 8194558628651
044, 8908522453769
#
048, 110374662292987
048, 160666531265971
048, 187292224431751
048, 145817686389229
048, 120685959081833
048, 88694735235979
048, 167604244402849
048, 133911825431767
048, 131150207718763
048, 73286361392903
#
052, 2701875072397031
052, 1687788324089509
052, 2388838954481869
052, 2484305666501851
052, 1581539099388197
052, 2618410120243987
052, 2568310539189443
052, 2085814065167611
052, 3527534942542801
052, 3141090041004211
#
056, 47463284509797019
056, 53392335317333731
056, 46922569202210263
056, 66572397028900513
056, 26824064174693593
056, 47128800210808937
056, 50513381559165409
056, 67871063209837487
056, 40842154923927499
056, 40564533961337927
#
060, 901088480791020083
060, 568819965508386013
060, 733838565371896861
060, 855755423574617887
060, 619549948132212677
060, 471981215873535553
060, 420585517717633783
060, 509123959069071139
060, 605265104599522063
060, 763618151374994897
#
064, 11670668481377794061
064, 9412866314496356669
064, 9633541895038029827
064, 10738519641632026259
064, 7623595168764191119
064, 14331039136822767467
064, 14953398802534964749
064, 12557351701163770229
064, 17295603783688662937
064, 9227319586514486887
#
068, 105661569776693989853
068, 179095754151705230947
068, 235460784242609509393
068, 121008097599333854149
068, 102424518273591894173
068, 151894158707967407617
068, 163274181481636797029
068, 138919442980423250113
068, 252953746576605694661
068, 114216477245188960489
#
072, 2535488593190564926361
072, 2287770820823235434419
072, 3005817169344903207247
072, 4016223746391647139341
072, 3361434467926591001207
072, 3056051562453165929203
072, 2507262802946298973307
072, 2312770916297165060777
072, 2772701668459888684951
072, 2656613197023969990271
#
076, 29713613567054535084091
076, 49243853521801152134777
076, 70800674916445951786327
076, 30873789952762207437113
076, 50386712082514959841099
076, 27931049331527155417073
076, 62054149784833344143279
076, 51812757878054974281457
076, 62164984558958234387347
076, 60402167532338026953577
#
080, 910658109449463680787829
080, 616075034787231180631999
080, 659155642491918903050099
080, 593834029228803993701371
080, 968292046229763442893487
080, 513259204585916618400523
080, 1072563877598974831486597
080, 675696916517880657475121
080, 424935631991013682833551
080, 356308101298363062270043
#
092, 1963512492195715938797051023
092, 2007451562604390529807770263
092, 3575070063407507564122716733
092, 2207895003239291964002677733
092, 3537906751852483174681475957
092, 2852004537587024125882473881
092, 3372259283284217411237363789
092, 2595671421679967793880304771
092, 2226122546489795944834977949
092, 1859226269087582205888728719
#
104, 9665976316749757208975476827991
104, 10998583801701261099778051522357
104, 13626806128928603515536346106857
104, 10507840528153906247323981135837
104, 9680516466160571731833097865783
104, 12228230230405531139360972569103
104, 10713040519840734124278747628673
104, 8050502766681305703524420001643
104, 14567918089933748750435349455533
104, 8842647691156425430397894945987
#
116, 46923936058011269176244850647917541
116, 40176315541026420556206889218605407
116, 40885894310492335980998753557998437
116, 51782918627560511596339817197722877
116, 35636756062844685769837791522883043
116, 37645727677682911028992025074819231
116, 52705354972573004310252083384552021
116, 28023491024249219889050979547596487
116, 61909546718802582998599714053398293
116, 44559051253107691757483933106076717
#
128, 168573827946549873256910403611156066771
128, 162703977736754332143827286201285623987
128, 289034004121675340954212241553281082433
128, 250765946157938425833605248784621705317
128, 161303547522239480267727085412205582187
128, 260704759497328433215181383797050080537
128, 211662674654834800708503346459584866341
128, 277931734050507593357663327190975340991
128, 154372994544059147624436876385439031149
128, 245063122897831574963195187751975362467
#
160, 852433114237085849065352888870845872428151199511
160, 1221881212881191648366789082428319562868168921321
160, 676506705918384236730656269937663695041933451201
160, 1358341553208166727296426228287126947995334609741
160, 1008008993436388732038129906487239260534782735829
160, 695453929122891697948794290335929044034088670173
160, 890314537116211312570754474692794067018184431907
160, 494040216758374750275178663651752057539827713251
160, 796147833374799638841030527467941831314757323783
160, 1177269445852193059182634703210897011007674321549
#
192, 3982571194531856670883109052805192331954179745649441870037
192, 3687248346514449966547642584636049500122622128720214958903
192, 2884240631170617707700383164914494529068970063761843293669
192, 2933698527921057939307970475396328033506276009338899765399
192, 3496780232164015900855368131117319519865463744402208467083
192, 2126414994606207390860569379911394233520073914622076484657
192, 5422262506627038972600059971209629481845832016798848378407
192, 5375939812814667434744289870648060029495808749820357719917
192, 2511142423084598363486201054668161490515904998429099055777
192, 3957154492266800442820576764769736350921055773936005142667
#
224, 21406874736413594443145442408913299320502653136926132130022873227829
224, 15696095499004819990814226559359356261065198359626353320320080210451
224, 14237886042640972599410229418178713173658484803337272137907543857533
224, 12256769886635521681359205874918804418410890809311953191090063810511
224, 14019608787946104981863621286731721341955992470544868845865260150501
224, 23314718747757148598663301068569244657717519690438597446846967905049
224, 12635754133434994763551422806800213039480274178717851969469322660973
224, 25374514607343357537216615573950528787150638529839640507109064400931
224, 8546254797882595335699526726534875194637700780829271212178250251067
224, 20549527286575035404714165912754187288056548654654383569486289030999
#
256, 44536388661279119122269513040014612364010248107114668384959087069126244861417
256, 105395182826666395457275398894730082014697599364485768166819573448285237318529
256, 89731780783373450496848092527776205977881564119176261984011388121825212913847
256, 51336151296900996023419300368503266844082822913677465374624125751303820621517
256, 79198050748327666895055201208105162115697675015067835922822203902181741669537
256, 56537892785037170872198944614573436189373475640177476218802473193432621201771
256, 44468217689755812002791881736663453114359813852437709286987522235701130772709
256, 67764911548697684954671113040052188176261803216313191348049944201214569109299
256, 63018425313576218301365971406215345963769100593208027085528614302771280700009
256, 48598379359779517716903609475065011396639999991752878560694049163751911473983
#
320, 913262381071335605927830467091555514483188585502544417635205759736722696591310274639991277293829
320, 1449438732553183710975692222257561917527963518438186641353409687950508919140815139237823902881879
320, 705434749554657634992209169663302812957273031728772808511810629153517458145748383559975658532493
320, 1190500133756173281247172611550499622377488441489931458804837722205734582018527677955518347909679
320, 1255969906966551947195483123565066804048310582678245032733624875306748953306195280501569628426931
320, 748953948047672555391454004087885348129525967509099671321496204963158340120074077989435672539879
320, 1258236953322649938844761559067623501742936083738816537446024214404114943127563450509165603477257
320, 877457380192629226266913495833080099524707982071653557523049377146871783287543623200078654635741
320, 1089396056555174992829872798305931378397866894242941838067399437109515659231384456548026560060993
320, 1006425543347390363371928721614958310143999603779033425866044723446248527641925318438285947301539
#
384, 25684780159360418644500835095983114689683463962638140376791157207816066555883036335163507429517108720349415614393131
384, 13150730362298931644930470967632887824024589963143156889246252754696285531443882262846146894083312753623537486798181
384, 22965756152349941288765412881788487942687617710601137018709248782670382088053563901685468722002662024130051622137829
384, 18930877622261706686688947513829493192537249036446781146424551983919031027627319759141492863119483658622824086992443
384, 22844952275462928227878006637152111190075119642154361293883457550096680766317899657433923838991909459393533644267973
384, 32034092623387606445601857549426187628788247337321382626381786854310830413670969419115752766343557184465781594424879
384, 20255905855647570736432469121393373971536133048967501658506446804100147220613255486518800444770878584585148322183097
384, 27986246187801053843671271726533618527207954841375597943174623170467812960309430133279675617884393493290841172226819
384, 20616950268734470772094898415360442371280732723452811907796270164393939600573598466487266687931364711929727775437137
384, 33141642126521738814935040737986261692962393618774873022060636080488847892442889295681278903479660804774104876553897
#
640, 1962152201803156295742366073513069444511467184757061077718822051750211078408889638004101110931198666372868946365706417115327033652098033140164550408874008601924726267207058588718733605691915387
640, 1824355188710929646448302196156985643925492242887527656173266917856650028504432689363344570974336530866441753909952349786533978508130759144265993143553885886668033415075722564446755200161262471
640, 1873747302845887663167552962892182196725001862823329692590636620310179451604140188542547824922267569893630900098974740305035075564700459921785776634479708482362518454362192596014092213247450581
640, 1642072906104697840108148300657348222943850724957595448185741826394548304409008858121333618465681249302283481315750296247670364294912397330427841915613007728123090077132306806287504720363162861
640, 1284190152281056133468221996941183635356296933410444847767903743298210659709051758831178648533712012053184269416288015264439838000019454419491696950237117798503721552917363889461611762835416177
640, 1792133578034949015433667886095326439934009655047945107392203672087297802890648605068131221294057872560817411246649009311279340646526915276238010524272622853090406109534605071854421195593880889
640, 2743187122581065935024180692812326595067258902395858003298908750347041378785776449347428059003178056715235673431479213303871542062440578896866502979419435470754669434065149622879413549170809293
640, 2257539800581091267263754781758876058848222844239050028359232992218594656267420878441405204518991416469261871700919810572947061646023277641845536505746530895675265296895205138036580281684297719
640, 2084776952948753432434430311640578705781347464580215440945686280046204741962426804434966758222859041793203414490581264934990314617501243176414698181500845257564351891274038431384085766840693611
640, 3051126602755166732396843477528979483837798613378408326060944079216034783684638025927320771294117330471324529774266420566751613393706313584120039315312286971455342596879083961435891186671242553
#
768, 985054468753618532116145244056542785607004094351899103645065626454907657858986033868400098370252956228672255714112339019729417830870160958086310675601374624433120889781142127860615785828594190714862922273367137093528048795022042019
768, 807901796027106037313703285470615424388884144980440290675706199173067787896722728309798166867495962488836667868645949161220462030122408954796078817002966577046267168995164426086135231575314934998533475100072516667711980906585151353
768, 700727570869900351885251898749754721014235742846057891256020621373845879808794757641740385359057515237501196854948901942672672566619057364606432207041238673557276980752913178539129141043621150509011548243406203686255398911688785749
768, 488376535933143391872042699776110126765999813467827419574044032168483310875022531781480472236041347723764250977083242842217118669285869732686363145626080121637159935866854339995945570114454881523790764370149513073441292802175228801
768, 718171425584169068891637408070865756854490981867975722103957576280927942097122037000251687548652709871717711431612715772979428740138153962527577953577814548494311090022299284116766542028154258652971297701827120419308689016327158137
768, 657542477522376859429179971858449819145931989142224559544075977716146523223587528351030882623354713331143782153168817244553646320133872653058637347458246336150126087085641796014658259976915317942321353866424549599875237369785569661
768, 747607012519710294378747252921870939712975931107857626988742529674367123891583706190171240048284823983797720160150565680376133877009374909016673063126854026851993682225043254940158882372789088082745122134947946905927322294594649861
768, 514975674332078729574120687224614646317972039583980570244678757876501256338719537446835796054724644994158618919919231765100237971539737669239333708646618273747788252156734414191338215006343845442359478940063446912498290440971103881
768, 856151292292689268578582471583630547973698777274097444855276351947087350357965619345610914157262094005416131944243923175925957998340656368141749101991218278410363449023422864842155901618026791291846725326186243292696531293006027383
768, 857755758411619314287823197632170453526022162880810238898875704527470281925699930359328396220232924329716064424124260967554276838980864648517789361044930019496736849365224017728597804089496930584508789615467137044616176621091631119
